
0.5 0
2.5 2
3.914213562373095 3
5.232050807568877 5
6.5 6
7.73606797749979 7
8.949489742783179 8
10.14575131106459 10
11.32842712474619 11
12.5 12
13.66227766016838 13
14.8166247903554 14
15.964101615137753 15
17.105551275463988 17
18.24165738677394 18
19.372983346207416 19
20.5 20
21.62310562561766 21
22.742640687119284 22
23.858898943540673 23
24.97213595499958 24
26.08257569495584 26
27.19041575982343 27
28.29583152331272 28
29.398979485566358 29
30.5 30
31.599019513592786 31
32.69615242270663 32
33.79150262212918 33
34.8851648071345 34
35.97722557505166 35
37.06776436283002 37
38.15685424949238 38
39.24456264653803 39
40.3309518948453 40
41.41607978309962 41
42.5 42
43.58276253029822 43
44.664414002968975 44
45.7449979983984 45
46.824555320336756 46
47.90312423743285 47
48.98074069840786 48
50.057438524302 50
51.133249580710796 51
52.20820393249937 52
53.282329983125265 53
54.355654600401046 54
55.42820323027551 55
56.5 56
57.571067811865476 57
58.64142842854285 58
59.711102550927976 59
60.78010988928052 60
61.848469228349536 61
62.91619848709566 62
63.98331477354788 63
65.04983443527075 65
66.11577310586391 66
67.18114574786861 67
68.24596669241484 68
69.31024967590665 69
70.37400787401181 70
71.43725393319377 71
72.5 72
73.56225774829855 73
74.62403840463597 74
75.68535277187245 75
76.74621125123532 76
77.80662386291807 77
78.86660026534075 78
79.92614977317636 79
80.98528137423857 80
82.04400374531753 82
83.10232526704263 83
84.16025403784438 84
85.21779788708135 85
86.27496438739212 86
87.33176086632784 87
88.38819441731559 88
89.44427190999916 89
90.5 90
91.55538513813741 91
92.6104335791443 92
93.66515138991168 93
94.71954445729288 94
95.7736184954957 95
96.82737905308882 96
97.88083151964686 97
98.9339811320566 98
99.98683298050514 99
101.03939201416945 101
102.09166304662544 102
103.14365076099295 103
104.19535971483266 104
105.24679434480896 105
106.29795897113272 106
107.3488578017961 107
108.39949493661166 108
109.4498743710662 109